0.5347797796319007 2.6349898075959146 4.169769587227815
-0.24294373420481996 -1.0901417830475202 -0.33308551725234015
1.0053111656264182 1.5289930406547025 3.5343042062811207
-3.8307344535083754 -1.8878453241173512 -4.718579777625727
3.169182457549681 -2.286260956820143 1.882921500729538
-1.8487673294953022 -4.97706206548351 -5.825829394978813
1.2382953359892932 -4.933619256209251 -2.695323920219958
-2.3641455194461436 -1.6415618855140082 -3.0057074049601518
4.037084587007781 2.1315001215974982 7.168584708605279
-2.161601387253398 -3.4464892418149926 -4.608090629068391
-0.543042452185384 -3.3487118078607314 -2.8917542600461155
4.91702466531533 -1.9184014620861802 3.9986232032291493
4.174790162168534 -4.5515673053771835 0.6232228567913509
-1.7633007855180347 -0.6778180525331523 -1.441118838051187
-4.737558997268918 4.138877860526703 0.4013188632577851
4.156770613110435 -3.6799239536821715 1.4768466594282637
-3.583374463701907 2.164024596786752 -0.4193498669151552
4.118344145728809 2.217136583196444 7.335480728925253
-0.19316487938873106 -2.8474535507259047 -2.0406184301146357
3.3891332754878576 -4.9309140314182685 -0.5417807559304109
-1.1561057270888107 4.3072523285384 4.1511466014495895
4.871419307029948 2.1651982529449754 8.036617559974923
-4.823150542343947 1.4072206578500799 -2.415929884493867
-3.881951416329694 3.856294721001035 0.9743433046713408
2.6752234871960727 -1.986380746523838 1.6888427406722348
2.1344993199264453 -4.543941187453658 -1.409441867527213
3.182092816749817 -1.6056880773968851 2.576404739352932
4.460244840879728 -1.4363662697326154 4.023878571147113
2.829213028614534 2.6601901849276075 6.489403213542142
2.8668462758240167 -2.949736060637594 0.9171102151864226
0.6386961849934778 -2.901266281180898 -1.26257009618742
-3.053888541663695 -3.455862448392523 -5.509750990056218
0.5769359642681229 -4.041269394085497 -2.4643334298173745
-1.3984883358873148 0.5008189793624496 0.10233064347513476
4.5711296129087895 2.070163291637595 7.641292904546384
0.5215347727221182 -2.329939057694971 -0.8084042849728528
3.998845012468454 4.487318838303178 9.486163850771632
-0.6201830251539153 -1.1703721609254747 -0.79055518607939
-3.1988135010442043 -1.6169912952202692 -3.815804796264473
-0.9532704302320836 -3.6511218546629873 -3.604392284895071
1.2541286423546483 3.1015859929627574 5.355714635317406
1.5725246465704679 -3.1534464567175426 -0.5809218101470748
-0.22910085662500101 -4.212938864958772 -3.4420397215837726
-0.8740445834470743 -0.04628094524441817 0.07967447130850758
1.7506897931752103 -0.21007551683810455 2.540614276337106
4.0334303949378985 1.6758545882686615 6.70928498320656
3.1048458615113734 -2.632423989081003 1.4724218724303704
-3.3539265383498873 -4.789019595371947 -7.142946133721834
4.414368122098928 -0.35940916044033244 5.0549589616585955
3.910406593990075 0.46183318381330807 5.372239777803383
